{
 "cells": [
  {
   "cell_type": "markdown",
   "metadata": {},
   "source": [
    "# Student Alcohol Consumption\n",
    "#### Social, gender and study data from secondary school students\n",
    "\n",
    "\n",
    "\n",
    "### Content:\n",
    "Attributes for both student-mat.csv (Math course) and student-por.csv (Portuguese language course) datasets:\n",
    "\n",
    "1. school - student's school (binary: 'GP' - Gabriel Pereira or 'MS' - Mousinho da Silveira)\n",
    "2. sex - student's sex (binary: 'F' - female or 'M' - male)\n",
    "3. age - student's age (numeric: from 15 to 22)\n",
    "4. address - student's home address type (binary: 'U' - urban or 'R' - rural)\n",
    "5. famsize - family size (binary: 'LE3' - less or equal to 3 or 'GT3' - greater than 3)\n",
    "6. Pstatus - parent's cohabitation status (binary: 'T' - living together or 'A' - apart)\n",
    "7. Medu - mother's education (numeric: 0 - none, 1 - primary education (4th grade), 2 – 5th to 9th grade, 3 – secondary education or 4 – higher education)\n",
    "8. Fedu - father's education (numeric: 0 - none, 1 - primary education (4th grade), 2 – 5th to 9th grade, 3 – secondary education or 4 – higher education)\n",
    "9. Mjob - mother's job (nominal: 'teacher', 'health' care related, civil 'services' (e.g. administrative or police), 'at_home' or 'other')\n",
    "0. Fjob - father's job (nominal: 'teacher', 'health' care related, civil 'services' (e.g. administrative or police), 'at_home' or 'other')\n",
    "1. reason - reason to choose this school (nominal: close to 'home', school 'reputation', 'course' preference or 'other')\n",
    "2. guardian - student's guardian (nominal: 'mother', 'father' or 'other')\n",
    "3. traveltime - home to school travel time (numeric: 1 - 1 hour)\n",
    "4. studytime - weekly study time (numeric: 1 - 10 hours)\n",
    "5. failures - number of past class failures (numeric: n if 1<=n<3, else 4)\n",
    "6. schoolsup - extra educational support (binary: yes or no)\n",
    "7. famsup - family educational support (binary: yes or no)\n",
    "8. paid - extra paid classes within the course subject (Math or Portuguese) (binary: yes or no)\n",
    "9. activities - extra-curricular activities (binary: yes or no)\n",
    "0. nursery - attended nursery school (binary: yes or no)\n",
    "1. higher - wants to take higher education (binary: yes or no)\n",
    "2. internet - Internet access at home (binary: yes or no)\n",
    "3. romantic - with a romantic relationship (binary: yes or no)\n",
    "4. famrel - quality of family relationships (numeric: from 1 - very bad to 5 - excellent)\n",
    "5. freetime - free time after school (numeric: from 1 - very low to 5 - very high)\n",
    "6. goout - going out with friends (numeric: from 1 - very low to 5 - very high)\n",
    "7. Dalc - workday alcohol consumption (numeric: from 1 - very low to 5 - very high)\n",
    "8. Walc - weekend alcohol consumption (numeric: from 1 - very low to 5 - very high)\n",
    "9. health - current health status (numeric: from 1 - very bad to 5 - very good)\n",
    "0. absences - number of school absences (numeric: from 0 to 93)\n",
    "\n",
    "### These grades are related with the course subject, Math or Portuguese:\n",
    "\n",
    "**G1** - *first period grade (numeric: from 0 to 20)*\n",
    "\n",
    "**G2** - *second period grade (numeric: from 0 to 20)*\n",
    "\n",
    "**G3** - *final grade (numeric: from 0 to 20, output target)*"
   ]
  },
  {
   "cell_type": "code",
   "execution_count": 1,
   "metadata": {},
   "outputs": [],
   "source": [
    "# import relevant modules\n",
    "import pandas as pd\n",
    "import numpy as np\n",
    "import matplotlib.pyplot as plt\n",
    "import seaborn as sns "
   ]
  },
  {
   "cell_type": "code",
   "execution_count": 2,
   "metadata": {},
   "outputs": [
    {
     "output_type": "execute_result",
     "data": {
      "text/plain": [
       "    school sex  age address famsize Pstatus  Medu  Fedu      Mjob      Fjob  \\\n",
       "0       GP   F   18       U     GT3       A     4     4   at_home   teacher   \n",
       "1       GP   F   17       U     GT3       T     1     1   at_home     other   \n",
       "2       GP   F   15       U     LE3       T     1     1   at_home     other   \n",
       "3       GP   F   15       U     GT3       T     4     2    health  services   \n",
       "4       GP   F   16       U     GT3       T     3     3     other     other   \n",
       "..     ...  ..  ...     ...     ...     ...   ...   ...       ...       ...   \n",
       "644     MS   F   19       R     GT3       T     2     3  services     other   \n",
       "645     MS   F   18       U     LE3       T     3     1   teacher  services   \n",
       "646     MS   F   18       U     GT3       T     1     1     other     other   \n",
       "647     MS   M   17       U     LE3       T     3     1  services  services   \n",
       "648     MS   M   18       R     LE3       T     3     2  services     other   \n",
       "\n",
       "     ... famrel freetime  goout  Dalc  Walc health absences  G1  G2  G3  \n",
       "0    ...      4        3      4     1     1      3        6   5   6   6  \n",
       "1    ...      5        3      3     1     1      3        4   5   5   6  \n",
       "2    ...      4        3      2     2     3      3       10   7   8  10  \n",
       "3    ...      3        2      2     1     1      5        2  15  14  15  \n",
       "4    ...      4        3      2     1     2      5        4   6  10  10  \n",
       "..   ...    ...      ...    ...   ...   ...    ...      ...  ..  ..  ..  \n",
       "644  ...      5        4      2     1     2      5        4  10  11  10  \n",
       "645  ...      4        3      4     1     1      1        4  15  15  16  \n",
       "646  ...      1        1      1     1     1      5        6  11  12   9  \n",
       "647  ...      2        4      5     3     4      2        6  10  10  10  \n",
       "648  ...      4        4      1     3     4      5        4  10  11  11  \n",
       "\n",
       "[1044 rows x 33 columns]"
      ],
      "text/html": "<div>\n<style scoped>\n    .dataframe tbody tr th:only-of-type {\n        vertical-align: middle;\n    }\n\n    .dataframe tbody tr th {\n        vertical-align: top;\n    }\n\n    .dataframe thead th {\n        text-align: right;\n    }\n</style>\n<table border=\"1\" class=\"dataframe\">\n  <thead>\n    <tr style=\"text-align: right;\">\n      <th></th>\n      <th>school</th>\n      <th>sex</th>\n      <th>age</th>\n      <th>address</th>\n      <th>famsize</th>\n      <th>Pstatus</th>\n      <th>Medu</th>\n      <th>Fedu</th>\n      <th>Mjob</th>\n      <th>Fjob</th>\n      <th>...</th>\n      <th>famrel</th>\n      <th>freetime</th>\n      <th>goout</th>\n      <th>Dalc</th>\n      <th>Walc</th>\n      <th>health</th>\n      <th>absences</th>\n      <th>G1</th>\n      <th>G2</th>\n      <th>G3</th>\n    </tr>\n  </thead>\n  <tbody>\n    <tr>\n      <th>0</th>\n      <td>GP</td>\n      <td>F</td>\n      <td>18</td>\n      <td>U</td>\n      <td>GT3</td>\n      <td>A</td>\n      <td>4</td>\n      <td>4</td>\n      <td>at_home</td>\n      <td>teacher</td>\n      <td>...</td>\n      <td>4</td>\n      <td>3</td>\n      <td>4</td>\n      <td>1</td>\n      <td>1</td>\n      <td>3</td>\n      <td>6</td>\n      <td>5</td>\n      <td>6</td>\n      <td>6</td>\n    </tr>\n    <tr>\n      <th>1</th>\n      <td>GP</td>\n      <td>F</td>\n      <td>17</td>\n      <td>U</td>\n      <td>GT3</td>\n      <td>T</td>\n      <td>1</td>\n      <td>1</td>\n      <td>at_home</td>\n      <td>other</td>\n      <td>...</td>\n      <td>5</td>\n      <td>3</td>\n      <td>3</td>\n      <td>1</td>\n      <td>1</td>\n      <td>3</td>\n      <td>4</td>\n      <td>5</td>\n      <td>5</td>\n      <td>6</td>\n    </tr>\n    <tr>\n      <th>2</th>\n      <td>GP</td>\n      <td>F</td>\n      <td>15</td>\n      <td>U</td>\n      <td>LE3</td>\n      <td>T</td>\n      <td>1</td>\n      <td>1</td>\n      <td>at_home</td>\n      <td>other</td>\n      <td>...</td>\n      <td>4</td>\n      <td>3</td>\n      <td>2</td>\n      <td>2</td>\n      <td>3</td>\n      <td>3</td>\n      <td>10</td>\n      <td>7</td>\n      <td>8</td>\n      <td>10</td>\n    </tr>\n    <tr>\n      <th>3</th>\n      <td>GP</td>\n      <td>F</td>\n      <td>15</td>\n      <td>U</td>\n      <td>GT3</td>\n      <td>T</td>\n      <td>4</td>\n      <td>2</td>\n      <td>health</td>\n      <td>services</td>\n      <td>...</td>\n      <td>3</td>\n      <td>2</td>\n      <td>2</td>\n      <td>1</td>\n      <td>1</td>\n      <td>5</td>\n      <td>2</td>\n      <td>15</td>\n      <td>14</td>\n      <td>15</td>\n    </tr>\n    <tr>\n      <th>4</th>\n      <td>GP</td>\n      <td>F</td>\n      <td>16</td>\n      <td>U</td>\n      <td>GT3</td>\n      <td>T</td>\n      <td>3</td>\n      <td>3</td>\n      <td>other</td>\n      <td>other</td>\n      <td>...</td>\n      <td>4</td>\n      <td>3</td>\n      <td>2</td>\n      <td>1</td>\n      <td>2</td>\n      <td>5</td>\n      <td>4</td>\n      <td>6</td>\n      <td>10</td>\n      <td>10</td>\n    </tr>\n    <tr>\n      <th>...</th>\n      <td>...</td>\n      <td>...</td>\n      <td>...</td>\n      <td>...</td>\n      <td>...</td>\n      <td>...</td>\n      <td>...</td>\n      <td>...</td>\n      <td>...</td>\n      <td>...</td>\n      <td>...</td>\n      <td>...</td>\n      <td>...</td>\n      <td>...</td>\n      <td>...</td>\n      <td>...</td>\n      <td>...</td>\n      <td>...</td>\n      <td>...</td>\n      <td>...</td>\n      <td>...</td>\n    </tr>\n    <tr>\n      <th>644</th>\n      <td>MS</td>\n      <td>F</td>\n      <td>19</td>\n      <td>R</td>\n      <td>GT3</td>\n      <td>T</td>\n      <td>2</td>\n      <td>3</td>\n      <td>services</td>\n      <td>other</td>\n      <td>...</td>\n      <td>5</td>\n      <td>4</td>\n      <td>2</td>\n      <td>1</td>\n      <td>2</td>\n      <td>5</td>\n      <td>4</td>\n      <td>10</td>\n      <td>11</td>\n      <td>10</td>\n    </tr>\n    <tr>\n      <th>645</th>\n      <td>MS</td>\n      <td>F</td>\n      <td>18</td>\n      <td>U</td>\n      <td>LE3</td>\n      <td>T</td>\n      <td>3</td>\n      <td>1</td>\n      <td>teacher</td>\n      <td>services</td>\n      <td>...</td>\n      <td>4</td>\n      <td>3</td>\n      <td>4</td>\n      <td>1</td>\n      <td>1</td>\n      <td>1</td>\n      <td>4</td>\n      <td>15</td>\n      <td>15</td>\n      <td>16</td>\n    </tr>\n    <tr>\n      <th>646</th>\n      <td>MS</td>\n      <td>F</td>\n      <td>18</td>\n      <td>U</td>\n      <td>GT3</td>\n      <td>T</td>\n      <td>1</td>\n      <td>1</td>\n      <td>other</td>\n      <td>other</td>\n      <td>...</td>\n      <td>1</td>\n      <td>1</td>\n      <td>1</td>\n      <td>1</td>\n      <td>1</td>\n      <td>5</td>\n      <td>6</td>\n      <td>11</td>\n      <td>12</td>\n      <td>9</td>\n    </tr>\n    <tr>\n      <th>647</th>\n      <td>MS</td>\n      <td>M</td>\n      <td>17</td>\n      <td>U</td>\n      <td>LE3</td>\n      <td>T</td>\n      <td>3</td>\n      <td>1</td>\n      <td>services</td>\n      <td>services</td>\n      <td>...</td>\n      <td>2</td>\n      <td>4</td>\n      <td>5</td>\n      <td>3</td>\n      <td>4</td>\n      <td>2</td>\n      <td>6</td>\n      <td>10</td>\n      <td>10</td>\n      <td>10</td>\n    </tr>\n    <tr>\n      <th>648</th>\n      <td>MS</td>\n      <td>M</td>\n      <td>18</td>\n      <td>R</td>\n      <td>LE3</td>\n      <td>T</td>\n      <td>3</td>\n      <td>2</td>\n      <td>services</td>\n      <td>other</td>\n      <td>...</td>\n      <td>4</td>\n      <td>4</td>\n      <td>1</td>\n      <td>3</td>\n      <td>4</td>\n      <td>5</td>\n      <td>4</td>\n      <td>10</td>\n      <td>11</td>\n      <td>11</td>\n    </tr>\n  </tbody>\n</table>\n<p>1044 rows × 33 columns</p>\n</div>"
     },
     "metadata": {},
     "execution_count": 2
    }
   ],
   "source": [
    "# import data \n",
    "mat=pd.read_csv(\"student-mat.csv\", header=0)\n",
    "por=pd.read_csv(\"student-por.csv\", header=0)\n",
    "\n",
    "#df=pd.merge(mat, por, on=['school', 'sex', 'age', 'address', 'famsize', 'Pstatus', 'Medu', 'Fedu','Mjob', 'Fjob', 'reason', 'guardian', 'traveltime', 'studytime','failures','schoolsup', 'famsup', 'paid', 'activities', 'nursery','higher', 'internet', 'romantic', 'famrel', 'freetime', 'goout', 'Dalc','Walc', 'health', 'absences', 'G1', 'G2', 'G3'])\n",
    "df = pd.concat([mat,por])\n",
    "df"
   ]
  },
  {
   "cell_type": "code",
   "execution_count": 8,
   "metadata": {},
   "outputs": [
    {
     "output_type": "execute_result",
     "data": {
      "text/plain": [
       "Index(['school', 'sex', 'age', 'address', 'famsize', 'Pstatus', 'Medu', 'Fedu',\n",
       "       'Mjob', 'Fjob', 'reason', 'guardian', 'traveltime', 'studytime',\n",
       "       'failures', 'schoolsup', 'famsup', 'paid', 'activities', 'nursery',\n",
       "       'higher', 'internet', 'romantic', 'famrel', 'freetime', 'goout', 'Dalc',\n",
       "       'Walc', 'health', 'absences', 'G1', 'G2', 'G3'],\n",
       "      dtype='object')"
      ]
     },
     "metadata": {},
     "execution_count": 8
    }
   ],
   "source": [
    "df.columns"
   ]
  },
  {
   "cell_type": "code",
   "execution_count": 10,
   "metadata": {},
   "outputs": [
    {
     "output_type": "stream",
     "name": "stdout",
     "text": [
      "<class 'pandas.core.frame.DataFrame'>\nInt64Index: 1044 entries, 0 to 648\nData columns (total 33 columns):\n #   Column      Non-Null Count  Dtype \n---  ------      --------------  ----- \n 0   school      1044 non-null   object\n 1   sex         1044 non-null   object\n 2   age         1044 non-null   int64 \n 3   address     1044 non-null   object\n 4   famsize     1044 non-null   object\n 5   Pstatus     1044 non-null   object\n 6   Medu        1044 non-null   int64 \n 7   Fedu        1044 non-null   int64 \n 8   Mjob        1044 non-null   object\n 9   Fjob        1044 non-null   object\n 10  reason      1044 non-null   object\n 11  guardian    1044 non-null   object\n 12  traveltime  1044 non-null   int64 \n 13  studytime   1044 non-null   int64 \n 14  failures    1044 non-null   int64 \n 15  schoolsup   1044 non-null   object\n 16  famsup      1044 non-null   object\n 17  paid        1044 non-null   object\n 18  activities  1044 non-null   object\n 19  nursery     1044 non-null   object\n 20  higher      1044 non-null   object\n 21  internet    1044 non-null   object\n 22  romantic    1044 non-null   object\n 23  famrel      1044 non-null   int64 \n 24  freetime    1044 non-null   int64 \n 25  goout       1044 non-null   int64 \n 26  Dalc        1044 non-null   int64 \n 27  Walc        1044 non-null   int64 \n 28  health      1044 non-null   int64 \n 29  absences    1044 non-null   int64 \n 30  G1          1044 non-null   int64 \n 31  G2          1044 non-null   int64 \n 32  G3          1044 non-null   int64 \ndtypes: int64(16), object(17)\nmemory usage: 317.3+ KB\n"
     ]
    }
   ],
   "source": [
    "df.info()"
   ]
  },
  {
   "cell_type": "code",
   "execution_count": 26,
   "metadata": {},
   "outputs": [
    {
     "name": "stdout",
     "output_type": "stream",
     "text": [
      "<class 'pandas.core.frame.DataFrame'>\n",
      "RangeIndex: 395 entries, 0 to 394\n",
      "Data columns (total 33 columns):\n",
      " #   Column      Non-Null Count  Dtype \n",
      "---  ------      --------------  ----- \n",
      " 0   school      395 non-null    object\n",
      " 1   sex         395 non-null    object\n",
      " 2   age         395 non-null    int64 \n",
      " 3   address     395 non-null    object\n",
      " 4   famsize     395 non-null    object\n",
      " 5   Pstatus     395 non-null    object\n",
      " 6   Medu        395 non-null    int64 \n",
      " 7   Fedu        395 non-null    int64 \n",
      " 8   Mjob        395 non-null    object\n",
      " 9   Fjob        395 non-null    object\n",
      " 10  reason      395 non-null    object\n",
      " 11  guardian    395 non-null    object\n",
      " 12  traveltime  395 non-null    int64 \n",
      " 13  studytime   395 non-null    int64 \n",
      " 14  failures    395 non-null    int64 \n",
      " 15  schoolsup   395 non-null    object\n",
      " 16  famsup      395 non-null    object\n",
      " 17  paid        395 non-null    object\n",
      " 18  activities  395 non-null    object\n",
      " 19  nursery     395 non-null    object\n",
      " 20  higher      395 non-null    object\n",
      " 21  internet    395 non-null    object\n",
      " 22  romantic    395 non-null    object\n",
      " 23  famrel      395 non-null    int64 \n",
      " 24  freetime    395 non-null    int64 \n",
      " 25  goout       395 non-null    int64 \n",
      " 26  Dalc        395 non-null    int64 \n",
      " 27  Walc        395 non-null    int64 \n",
      " 28  health      395 non-null    int64 \n",
      " 29  absences    395 non-null    int64 \n",
      " 30  G1          395 non-null    int64 \n",
      " 31  G2          395 non-null    int64 \n",
      " 32  G3          395 non-null    int64 \n",
      "dtypes: int64(16), object(17)\n",
      "memory usage: 102.0+ KB\n"
     ]
    }
   ],
   "source": [
    "mat.info()"
   ]
  },
  {
   "cell_type": "code",
   "execution_count": 11,
   "metadata": {},
   "outputs": [
    {
     "output_type": "stream",
     "name": "stdout",
     "text": [
      "<class 'pandas.core.frame.DataFrame'>\nRangeIndex: 649 entries, 0 to 648\nData columns (total 33 columns):\n #   Column      Non-Null Count  Dtype \n---  ------      --------------  ----- \n 0   school      649 non-null    object\n 1   sex         649 non-null    object\n 2   age         649 non-null    int64 \n 3   address     649 non-null    object\n 4   famsize     649 non-null    object\n 5   Pstatus     649 non-null    object\n 6   Medu        649 non-null    int64 \n 7   Fedu        649 non-null    int64 \n 8   Mjob        649 non-null    object\n 9   Fjob        649 non-null    object\n 10  reason      649 non-null    object\n 11  guardian    649 non-null    object\n 12  traveltime  649 non-null    int64 \n 13  studytime   649 non-null    int64 \n 14  failures    649 non-null    int64 \n 15  schoolsup   649 non-null    object\n 16  famsup      649 non-null    object\n 17  paid        649 non-null    object\n 18  activities  649 non-null    object\n 19  nursery     649 non-null    object\n 20  higher      649 non-null    object\n 21  internet    649 non-null    object\n 22  romantic    649 non-null    object\n 23  famrel      649 non-null    int64 \n 24  freetime    649 non-null    int64 \n 25  goout       649 non-null    int64 \n 26  Dalc        649 non-null    int64 \n 27  Walc        649 non-null    int64 \n 28  health      649 non-null    int64 \n 29  absences    649 non-null    int64 \n 30  G1          649 non-null    int64 \n 31  G2          649 non-null    int64 \n 32  G3          649 non-null    int64 \ndtypes: int64(16), object(17)\nmemory usage: 167.4+ KB\n"
     ]
    }
   ],
   "source": [
    "por.info()"
   ]
  },
  {
   "cell_type": "code",
   "execution_count": 28,
   "metadata": {
    "scrolled": false
   },
   "outputs": [
    {
     "data": {
      "text/html": [
       "<div>\n",
       "<style scoped>\n",
       "    .dataframe tbody tr th:only-of-type {\n",
       "        vertical-align: middle;\n",
       "    }\n",
       "\n",
       "    .dataframe tbody tr th {\n",
       "        vertical-align: top;\n",
       "    }\n",
       "\n",
       "    .dataframe thead th {\n",
       "        text-align: right;\n",
       "    }\n",
       "</style>\n",
       "<table border=\"1\" class=\"dataframe\">\n",
       "  <thead>\n",
       "    <tr style=\"text-align: right;\">\n",
       "      <th></th>\n",
       "      <th>age</th>\n",
       "      <th>Medu</th>\n",
       "      <th>Fedu</th>\n",
       "      <th>traveltime</th>\n",
       "      <th>studytime</th>\n",
       "      <th>failures</th>\n",
       "      <th>famrel</th>\n",
       "      <th>freetime</th>\n",
       "      <th>goout</th>\n",
       "      <th>Dalc</th>\n",
       "      <th>Walc</th>\n",
       "      <th>health</th>\n",
       "      <th>absences</th>\n",
       "      <th>G1</th>\n",
       "      <th>G2</th>\n",
       "      <th>G3</th>\n",
       "    </tr>\n",
       "  </thead>\n",
       "  <tbody>\n",
       "    <tr>\n",
       "      <th>age</th>\n",
       "      <td>1.000000</td>\n",
       "      <td>-0.163658</td>\n",
       "      <td>-0.163438</td>\n",
       "      <td>0.070641</td>\n",
       "      <td>-0.004140</td>\n",
       "      <td>0.243665</td>\n",
       "      <td>0.053940</td>\n",
       "      <td>0.016434</td>\n",
       "      <td>0.126964</td>\n",
       "      <td>0.131125</td>\n",
       "      <td>0.117276</td>\n",
       "      <td>-0.062187</td>\n",
       "      <td>0.175230</td>\n",
       "      <td>-0.064081</td>\n",
       "      <td>-0.143474</td>\n",
       "      <td>-0.161579</td>\n",
       "    </tr>\n",
       "    <tr>\n",
       "      <th>Medu</th>\n",
       "      <td>-0.163658</td>\n",
       "      <td>1.000000</td>\n",
       "      <td>0.623455</td>\n",
       "      <td>-0.171639</td>\n",
       "      <td>0.064944</td>\n",
       "      <td>-0.236680</td>\n",
       "      <td>-0.003914</td>\n",
       "      <td>0.030891</td>\n",
       "      <td>0.064094</td>\n",
       "      <td>0.019834</td>\n",
       "      <td>-0.047123</td>\n",
       "      <td>-0.046878</td>\n",
       "      <td>0.100285</td>\n",
       "      <td>0.205341</td>\n",
       "      <td>0.215527</td>\n",
       "      <td>0.217147</td>\n",
       "    </tr>\n",
       "    <tr>\n",
       "      <th>Fedu</th>\n",
       "      <td>-0.163438</td>\n",
       "      <td>0.623455</td>\n",
       "      <td>1.000000</td>\n",
       "      <td>-0.158194</td>\n",
       "      <td>-0.009175</td>\n",
       "      <td>-0.250408</td>\n",
       "      <td>-0.001370</td>\n",
       "      <td>-0.012846</td>\n",
       "      <td>0.043105</td>\n",
       "      <td>0.002386</td>\n",
       "      <td>-0.012631</td>\n",
       "      <td>0.014742</td>\n",
       "      <td>0.024473</td>\n",
       "      <td>0.190270</td>\n",
       "      <td>0.164893</td>\n",
       "      <td>0.152457</td>\n",
       "    </tr>\n",
       "    <tr>\n",
       "      <th>traveltime</th>\n",
       "      <td>0.070641</td>\n",
       "      <td>-0.171639</td>\n",
       "      <td>-0.158194</td>\n",
       "      <td>1.000000</td>\n",
       "      <td>-0.100909</td>\n",
       "      <td>0.092239</td>\n",
       "      <td>-0.016808</td>\n",
       "      <td>-0.017025</td>\n",
       "      <td>0.028540</td>\n",
       "      <td>0.138325</td>\n",
       "      <td>0.134116</td>\n",
       "      <td>0.007501</td>\n",
       "      <td>-0.012944</td>\n",
       "      <td>-0.093040</td>\n",
       "      <td>-0.153198</td>\n",
       "      <td>-0.117142</td>\n",
       "    </tr>\n",
       "    <tr>\n",
       "      <th>studytime</th>\n",
       "      <td>-0.004140</td>\n",
       "      <td>0.064944</td>\n",
       "      <td>-0.009175</td>\n",
       "      <td>-0.100909</td>\n",
       "      <td>1.000000</td>\n",
       "      <td>-0.173563</td>\n",
       "      <td>0.039731</td>\n",
       "      <td>-0.143198</td>\n",
       "      <td>-0.063904</td>\n",
       "      <td>-0.196019</td>\n",
       "      <td>-0.253785</td>\n",
       "      <td>-0.075616</td>\n",
       "      <td>-0.062700</td>\n",
       "      <td>0.160612</td>\n",
       "      <td>0.135880</td>\n",
       "      <td>0.097820</td>\n",
       "    </tr>\n",
       "    <tr>\n",
       "      <th>failures</th>\n",
       "      <td>0.243665</td>\n",
       "      <td>-0.236680</td>\n",
       "      <td>-0.250408</td>\n",
       "      <td>0.092239</td>\n",
       "      <td>-0.173563</td>\n",
       "      <td>1.000000</td>\n",
       "      <td>-0.044337</td>\n",
       "      <td>0.091987</td>\n",
       "      <td>0.124561</td>\n",
       "      <td>0.136047</td>\n",
       "      <td>0.141962</td>\n",
       "      <td>0.065827</td>\n",
       "      <td>0.063726</td>\n",
       "      <td>-0.354718</td>\n",
       "      <td>-0.355896</td>\n",
       "      <td>-0.360415</td>\n",
       "    </tr>\n",
       "    <tr>\n",
       "      <th>famrel</th>\n",
       "      <td>0.053940</td>\n",
       "      <td>-0.003914</td>\n",
       "      <td>-0.001370</td>\n",
       "      <td>-0.016808</td>\n",
       "      <td>0.039731</td>\n",
       "      <td>-0.044337</td>\n",
       "      <td>1.000000</td>\n",
       "      <td>0.150701</td>\n",
       "      <td>0.064568</td>\n",
       "      <td>-0.077594</td>\n",
       "      <td>-0.113397</td>\n",
       "      <td>0.094056</td>\n",
       "      <td>-0.044354</td>\n",
       "      <td>0.022168</td>\n",
       "      <td>-0.018281</td>\n",
       "      <td>0.051363</td>\n",
       "    </tr>\n",
       "    <tr>\n",
       "      <th>freetime</th>\n",
       "      <td>0.016434</td>\n",
       "      <td>0.030891</td>\n",
       "      <td>-0.012846</td>\n",
       "      <td>-0.017025</td>\n",
       "      <td>-0.143198</td>\n",
       "      <td>0.091987</td>\n",
       "      <td>0.150701</td>\n",
       "      <td>1.000000</td>\n",
       "      <td>0.285019</td>\n",
       "      <td>0.209001</td>\n",
       "      <td>0.147822</td>\n",
       "      <td>0.075733</td>\n",
       "      <td>-0.058078</td>\n",
       "      <td>0.012613</td>\n",
       "      <td>-0.013777</td>\n",
       "      <td>0.011307</td>\n",
       "    </tr>\n",
       "    <tr>\n",
       "      <th>goout</th>\n",
       "      <td>0.126964</td>\n",
       "      <td>0.064094</td>\n",
       "      <td>0.043105</td>\n",
       "      <td>0.028540</td>\n",
       "      <td>-0.063904</td>\n",
       "      <td>0.124561</td>\n",
       "      <td>0.064568</td>\n",
       "      <td>0.285019</td>\n",
       "      <td>1.000000</td>\n",
       "      <td>0.266994</td>\n",
       "      <td>0.420386</td>\n",
       "      <td>-0.009577</td>\n",
       "      <td>0.044302</td>\n",
       "      <td>-0.149104</td>\n",
       "      <td>-0.162250</td>\n",
       "      <td>-0.132791</td>\n",
       "    </tr>\n",
       "    <tr>\n",
       "      <th>Dalc</th>\n",
       "      <td>0.131125</td>\n",
       "      <td>0.019834</td>\n",
       "      <td>0.002386</td>\n",
       "      <td>0.138325</td>\n",
       "      <td>-0.196019</td>\n",
       "      <td>0.136047</td>\n",
       "      <td>-0.077594</td>\n",
       "      <td>0.209001</td>\n",
       "      <td>0.266994</td>\n",
       "      <td>1.000000</td>\n",
       "      <td>0.647544</td>\n",
       "      <td>0.077180</td>\n",
       "      <td>0.111908</td>\n",
       "      <td>-0.094159</td>\n",
       "      <td>-0.064120</td>\n",
       "      <td>-0.054660</td>\n",
       "    </tr>\n",
       "    <tr>\n",
       "      <th>Walc</th>\n",
       "      <td>0.117276</td>\n",
       "      <td>-0.047123</td>\n",
       "      <td>-0.012631</td>\n",
       "      <td>0.134116</td>\n",
       "      <td>-0.253785</td>\n",
       "      <td>0.141962</td>\n",
       "      <td>-0.113397</td>\n",
       "      <td>0.147822</td>\n",
       "      <td>0.420386</td>\n",
       "      <td>0.647544</td>\n",
       "      <td>1.000000</td>\n",
       "      <td>0.092476</td>\n",
       "      <td>0.136291</td>\n",
       "      <td>-0.126179</td>\n",
       "      <td>-0.084927</td>\n",
       "      <td>-0.051939</td>\n",
       "    </tr>\n",
       "    <tr>\n",
       "      <th>health</th>\n",
       "      <td>-0.062187</td>\n",
       "      <td>-0.046878</td>\n",
       "      <td>0.014742</td>\n",
       "      <td>0.007501</td>\n",
       "      <td>-0.075616</td>\n",
       "      <td>0.065827</td>\n",
       "      <td>0.094056</td>\n",
       "      <td>0.075733</td>\n",
       "      <td>-0.009577</td>\n",
       "      <td>0.077180</td>\n",
       "      <td>0.092476</td>\n",
       "      <td>1.000000</td>\n",
       "      <td>-0.029937</td>\n",
       "      <td>-0.073172</td>\n",
       "      <td>-0.097720</td>\n",
       "      <td>-0.061335</td>\n",
       "    </tr>\n",
       "    <tr>\n",
       "      <th>absences</th>\n",
       "      <td>0.175230</td>\n",
       "      <td>0.100285</td>\n",
       "      <td>0.024473</td>\n",
       "      <td>-0.012944</td>\n",
       "      <td>-0.062700</td>\n",
       "      <td>0.063726</td>\n",
       "      <td>-0.044354</td>\n",
       "      <td>-0.058078</td>\n",
       "      <td>0.044302</td>\n",
       "      <td>0.111908</td>\n",
       "      <td>0.136291</td>\n",
       "      <td>-0.029937</td>\n",
       "      <td>1.000000</td>\n",
       "      <td>-0.031003</td>\n",
       "      <td>-0.031777</td>\n",
       "      <td>0.034247</td>\n",
       "    </tr>\n",
       "    <tr>\n",
       "      <th>G1</th>\n",
       "      <td>-0.064081</td>\n",
       "      <td>0.205341</td>\n",
       "      <td>0.190270</td>\n",
       "      <td>-0.093040</td>\n",
       "      <td>0.160612</td>\n",
       "      <td>-0.354718</td>\n",
       "      <td>0.022168</td>\n",
       "      <td>0.012613</td>\n",
       "      <td>-0.149104</td>\n",
       "      <td>-0.094159</td>\n",
       "      <td>-0.126179</td>\n",
       "      <td>-0.073172</td>\n",
       "      <td>-0.031003</td>\n",
       "      <td>1.000000</td>\n",
       "      <td>0.852118</td>\n",
       "      <td>0.801468</td>\n",
       "    </tr>\n",
       "    <tr>\n",
       "      <th>G2</th>\n",
       "      <td>-0.143474</td>\n",
       "      <td>0.215527</td>\n",
       "      <td>0.164893</td>\n",
       "      <td>-0.153198</td>\n",
       "      <td>0.135880</td>\n",
       "      <td>-0.355896</td>\n",
       "      <td>-0.018281</td>\n",
       "      <td>-0.013777</td>\n",
       "      <td>-0.162250</td>\n",
       "      <td>-0.064120</td>\n",
       "      <td>-0.084927</td>\n",
       "      <td>-0.097720</td>\n",
       "      <td>-0.031777</td>\n",
       "      <td>0.852118</td>\n",
       "      <td>1.000000</td>\n",
       "      <td>0.904868</td>\n",
       "    </tr>\n",
       "    <tr>\n",
       "      <th>G3</th>\n",
       "      <td>-0.161579</td>\n",
       "      <td>0.217147</td>\n",
       "      <td>0.152457</td>\n",
       "      <td>-0.117142</td>\n",
       "      <td>0.097820</td>\n",
       "      <td>-0.360415</td>\n",
       "      <td>0.051363</td>\n",
       "      <td>0.011307</td>\n",
       "      <td>-0.132791</td>\n",
       "      <td>-0.054660</td>\n",
       "      <td>-0.051939</td>\n",
       "      <td>-0.061335</td>\n",
       "      <td>0.034247</td>\n",
       "      <td>0.801468</td>\n",
       "      <td>0.904868</td>\n",
       "      <td>1.000000</td>\n",
       "    </tr>\n",
       "  </tbody>\n",
       "</table>\n",
       "</div>"
      ],
      "text/plain": [
       "                 age      Medu      Fedu  traveltime  studytime  failures  \\\n",
       "age         1.000000 -0.163658 -0.163438    0.070641  -0.004140  0.243665   \n",
       "Medu       -0.163658  1.000000  0.623455   -0.171639   0.064944 -0.236680   \n",
       "Fedu       -0.163438  0.623455  1.000000   -0.158194  -0.009175 -0.250408   \n",
       "traveltime  0.070641 -0.171639 -0.158194    1.000000  -0.100909  0.092239   \n",
       "studytime  -0.004140  0.064944 -0.009175   -0.100909   1.000000 -0.173563   \n",
       "failures    0.243665 -0.236680 -0.250408    0.092239  -0.173563  1.000000   \n",
       "famrel      0.053940 -0.003914 -0.001370   -0.016808   0.039731 -0.044337   \n",
       "freetime    0.016434  0.030891 -0.012846   -0.017025  -0.143198  0.091987   \n",
       "goout       0.126964  0.064094  0.043105    0.028540  -0.063904  0.124561   \n",
       "Dalc        0.131125  0.019834  0.002386    0.138325  -0.196019  0.136047   \n",
       "Walc        0.117276 -0.047123 -0.012631    0.134116  -0.253785  0.141962   \n",
       "health     -0.062187 -0.046878  0.014742    0.007501  -0.075616  0.065827   \n",
       "absences    0.175230  0.100285  0.024473   -0.012944  -0.062700  0.063726   \n",
       "G1         -0.064081  0.205341  0.190270   -0.093040   0.160612 -0.354718   \n",
       "G2         -0.143474  0.215527  0.164893   -0.153198   0.135880 -0.355896   \n",
       "G3         -0.161579  0.217147  0.152457   -0.117142   0.097820 -0.360415   \n",
       "\n",
       "              famrel  freetime     goout      Dalc      Walc    health  \\\n",
       "age         0.053940  0.016434  0.126964  0.131125  0.117276 -0.062187   \n",
       "Medu       -0.003914  0.030891  0.064094  0.019834 -0.047123 -0.046878   \n",
       "Fedu       -0.001370 -0.012846  0.043105  0.002386 -0.012631  0.014742   \n",
       "traveltime -0.016808 -0.017025  0.028540  0.138325  0.134116  0.007501   \n",
       "studytime   0.039731 -0.143198 -0.063904 -0.196019 -0.253785 -0.075616   \n",
       "failures   -0.044337  0.091987  0.124561  0.136047  0.141962  0.065827   \n",
       "famrel      1.000000  0.150701  0.064568 -0.077594 -0.113397  0.094056   \n",
       "freetime    0.150701  1.000000  0.285019  0.209001  0.147822  0.075733   \n",
       "goout       0.064568  0.285019  1.000000  0.266994  0.420386 -0.009577   \n",
       "Dalc       -0.077594  0.209001  0.266994  1.000000  0.647544  0.077180   \n",
       "Walc       -0.113397  0.147822  0.420386  0.647544  1.000000  0.092476   \n",
       "health      0.094056  0.075733 -0.009577  0.077180  0.092476  1.000000   \n",
       "absences   -0.044354 -0.058078  0.044302  0.111908  0.136291 -0.029937   \n",
       "G1          0.022168  0.012613 -0.149104 -0.094159 -0.126179 -0.073172   \n",
       "G2         -0.018281 -0.013777 -0.162250 -0.064120 -0.084927 -0.097720   \n",
       "G3          0.051363  0.011307 -0.132791 -0.054660 -0.051939 -0.061335   \n",
       "\n",
       "            absences        G1        G2        G3  \n",
       "age         0.175230 -0.064081 -0.143474 -0.161579  \n",
       "Medu        0.100285  0.205341  0.215527  0.217147  \n",
       "Fedu        0.024473  0.190270  0.164893  0.152457  \n",
       "traveltime -0.012944 -0.093040 -0.153198 -0.117142  \n",
       "studytime  -0.062700  0.160612  0.135880  0.097820  \n",
       "failures    0.063726 -0.354718 -0.355896 -0.360415  \n",
       "famrel     -0.044354  0.022168 -0.018281  0.051363  \n",
       "freetime   -0.058078  0.012613 -0.013777  0.011307  \n",
       "goout       0.044302 -0.149104 -0.162250 -0.132791  \n",
       "Dalc        0.111908 -0.094159 -0.064120 -0.054660  \n",
       "Walc        0.136291 -0.126179 -0.084927 -0.051939  \n",
       "health     -0.029937 -0.073172 -0.097720 -0.061335  \n",
       "absences    1.000000 -0.031003 -0.031777  0.034247  \n",
       "G1         -0.031003  1.000000  0.852118  0.801468  \n",
       "G2         -0.031777  0.852118  1.000000  0.904868  \n",
       "G3          0.034247  0.801468  0.904868  1.000000  "
      ]
     },
     "execution_count": 28,
     "metadata": {},
     "output_type": "execute_result"
    }
   ],
   "source": [
    "mat.corr()"
   ]
  },
  {
   "cell_type": "code",
   "execution_count": 33,
   "metadata": {},
   "outputs": [
    {
     "data": {
      "text/plain": [
       "0      False\n",
       "1      False\n",
       "2      False\n",
       "3      False\n",
       "4      False\n",
       "       ...  \n",
       "377    False\n",
       "378    False\n",
       "379    False\n",
       "380    False\n",
       "381    False\n",
       "Length: 382, dtype: bool"
      ]
     },
     "execution_count": 33,
     "metadata": {},
     "output_type": "execute_result"
    }
   ],
   "source": [
    "df.duplicated() "
   ]
  },
  {
   "cell_type": "code",
   "execution_count": 38,
   "metadata": {},
   "outputs": [
    {
     "data": {
      "text/plain": [
       "GP    342\n",
       "MS     40\n",
       "Name: school, dtype: int64"
      ]
     },
     "execution_count": 38,
     "metadata": {},
     "output_type": "execute_result"
    }
   ],
   "source": [
    "df['school'].value_counts()"
   ]
  },
  {
   "cell_type": "code",
   "execution_count": 39,
   "metadata": {},
   "outputs": [
    {
     "data": {
      "text/plain": [
       "GP    349\n",
       "MS     46\n",
       "Name: school, dtype: int64"
      ]
     },
     "execution_count": 39,
     "metadata": {},
     "output_type": "execute_result"
    }
   ],
   "source": [
    "mat['school'].value_counts()"
   ]
  },
  {
   "cell_type": "code",
   "execution_count": 40,
   "metadata": {},
   "outputs": [
    {
     "data": {
      "text/plain": [
       "GP    423\n",
       "MS    226\n",
       "Name: school, dtype: int64"
      ]
     },
     "execution_count": 40,
     "metadata": {},
     "output_type": "execute_result"
    }
   ],
   "source": [
    "por['school'].value_counts()"
   ]
  },
  {
   "cell_type": "code",
   "execution_count": 41,
   "metadata": {},
   "outputs": [
    {
     "data": {
      "text/html": [
       "<div>\n",
       "<style scoped>\n",
       "    .dataframe tbody tr th:only-of-type {\n",
       "        vertical-align: middle;\n",
       "    }\n",
       "\n",
       "    .dataframe tbody tr th {\n",
       "        vertical-align: top;\n",
       "    }\n",
       "\n",
       "    .dataframe thead th {\n",
       "        text-align: right;\n",
       "    }\n",
       "</style>\n",
       "<table border=\"1\" class=\"dataframe\">\n",
       "  <thead>\n",
       "    <tr style=\"text-align: right;\">\n",
       "      <th></th>\n",
       "      <th>school</th>\n",
       "      <th>sex</th>\n",
       "      <th>age</th>\n",
       "      <th>address</th>\n",
       "      <th>famsize</th>\n",
       "      <th>Pstatus</th>\n",
       "      <th>Medu</th>\n",
       "      <th>Fedu</th>\n",
       "      <th>Mjob</th>\n",
       "      <th>Fjob</th>\n",
       "      <th>...</th>\n",
       "      <th>famrel</th>\n",
       "      <th>freetime</th>\n",
       "      <th>goout</th>\n",
       "      <th>Dalc</th>\n",
       "      <th>Walc</th>\n",
       "      <th>health</th>\n",
       "      <th>absences</th>\n",
       "      <th>G1</th>\n",
       "      <th>G2</th>\n",
       "      <th>G3</th>\n",
       "    </tr>\n",
       "  </thead>\n",
       "  <tbody>\n",
       "    <tr>\n",
       "      <th>0</th>\n",
       "      <td>False</td>\n",
       "      <td>False</td>\n",
       "      <td>False</td>\n",
       "      <td>False</td>\n",
       "      <td>False</td>\n",
       "      <td>False</td>\n",
       "      <td>False</td>\n",
       "      <td>False</td>\n",
       "      <td>False</td>\n",
       "      <td>False</td>\n",
       "      <td>...</td>\n",
       "      <td>False</td>\n",
       "      <td>False</td>\n",
       "      <td>False</td>\n",
       "      <td>False</td>\n",
       "      <td>False</td>\n",
       "      <td>False</td>\n",
       "      <td>False</td>\n",
       "      <td>False</td>\n",
       "      <td>False</td>\n",
       "      <td>False</td>\n",
       "    </tr>\n",
       "    <tr>\n",
       "      <th>1</th>\n",
       "      <td>False</td>\n",
       "      <td>False</td>\n",
       "      <td>False</td>\n",
       "      <td>False</td>\n",
       "      <td>False</td>\n",
       "      <td>False</td>\n",
       "      <td>False</td>\n",
       "      <td>False</td>\n",
       "      <td>False</td>\n",
       "      <td>False</td>\n",
       "      <td>...</td>\n",
       "      <td>False</td>\n",
       "      <td>False</td>\n",
       "      <td>False</td>\n",
       "      <td>False</td>\n",
       "      <td>False</td>\n",
       "      <td>False</td>\n",
       "      <td>False</td>\n",
